
radiusMean = 2.5;
mrSig=[ 1 0.94802797 0.9481554 0.44408035 0.43930149 0.43990767 0.44418797 0.94682533 0.94698876 0.4451741 0.44116765 0.44154245 0.44771799 ]

radiusMean = 2.25;


radiusMean = 2.0;


radiusMean = 1.75;


radiusMean = 1.5;


radiusMean = 1.25;


radiusMean = 1.0;
mrSig=[ 1 0.90622616 0.90981412 0.43130127 0.42583996 0.42846227 0.43212751 0.90667075 0.90510303 0.42583913 0.42516512 0.42943844 0.43173987 ]


radiusMean = 0.75;


radiusMean = 0.5;


