Validation runs:
for delta=58.9, Gmax=40,
bvals = [0.50000   1.00000   1.50000   2.00000   2.50000   3.00000   3.50000   4.00000]

no fibers:
mrSig=[ 0.61916959 0.14581418 0.0088912165 0.0041216952 0.0058607473 0.0034496849 0.0015952524 0.00091914146 ]
adc = 0.95875   1.92542   3.14846   2.74575   2.05579   1.88982   1.84021   1.74802

perpendicular to fibers:
mrSig=[ 0.98938 0.96170765 0.92919296 0.89830625 0.88016713 0.85698128 0.85053301 0.8478471 ]
adc = 0.021354   0.039045   0.048959   0.053622   0.051057   0.051446   0.046255   0.041264
adc = 0.0053384   0.0390448   0.1101583   0.2144885   0.3191087   0.4630176   0.5666222   0.6602199

parallel to fibers:
mrSig=[ 0.61732662 0.14726959 0.01073138 0.0047809076 0.0060170232 0.0035174231 0.005957203 0.0026098515 ]
adc = 0.96471   1.91549   3.02306   2.67156   2.04527   1.88334   1.46376   1.48712



no fibers:
bval = [0.2:0.2:3.0];
mrSig=[ 0.92224729 0.72912341 0.49122548 0.27817887 0.14176318 0.057980958 0.016782816 0.01148376 0.0033328645 0.0028450356 0.002534746 0.0038158393 0.00091650884 0.0035097697 0.006904358 ]
adc = 0.40471   0.78978   1.18475   1.59936   1.95360   2.37303   2.91957   2.79176   3.16885   2.93109   2.71712   2.32025   2.69036   2.01864   1.65853
