radiusMean = 2.0;
% spaceScale = 1000:
mrSig=[ 1 0.84478164 0.84364796 0.41525617 0.41894576 0.40154687 0.40478522 0.84236115 0.84238362 0.41241524 0.409711 0.39997762 0.40081081 ]

% spaceScale = 750:
mrSig=[ 1 0.93565011 0.93467051 0.43744767 0.43320075 0.42858243 0.43585247 0.93256325 0.9295181 0.43544903 0.43966657 0.43339834 0.43655533 ]

% spaceScale = 500:
mrSig=[ 1 0.94469035 0.94341302 0.43665892 0.43625128 0.43950638 0.42835617 0.94190443 0.94213849 0.433433 0.43709332 0.44040734 0.43830609 ]

% spaceScale = 250:
mrSig=[ 1 0.94023836 0.94316173 0.43326306 0.43370488 0.43843907 0.43523535 0.94170398 0.94062012 0.43377462 0.440727 0.4354465 0.43426272 ]

% spaceScale = 100:
mrSig=[ 1 0.94225597 0.94235837 0.43925264 0.43841967 0.44420651 0.44147316 0.94311792 0.94148219 0.44022608 0.43804094 0.44045165 0.44185862 ]

